A
[1.0, 21.0, 47.0, 3.0, 18.0]
[24.0, 5.0, 25.0, 12.0, 46.0]
[18.0, 43.0, 5.0, 5.0, 5.0]
[15.0, 44.0, 32.0, 28.0, 20.0]
[10.0, 45.0, 18.0, 1.0, 46.0]

A INV
[1.0, 0.0, 0.0, 0.0, 0.0]
[-24.0, 1.0, 0.0, 0.0, 0.0]
[-18.0, 0.0, 1.0, 0.0, 0.0]
[-15.0, 0.0, 0.0, 1.0, 0.0]
[-10.0, 0.0, 0.0, 0.0, 1.0]

A
[1.0, 21.0, 47.0, 3.0, 18.0]
[0.0, -499.0, -1103.0, -60.0, -386.0]
[0.0, -335.0, -841.0, -49.0, -319.0]
[0.0, -271.0, -673.0, -17.0, -250.0]
[0.0, -165.0, -452.0, -29.0, -134.0]

A INV AF
[1.0, 0.0, 0.0, 0.0, 0.0]
[-24.0, 1.0, 0.0, 0.0, 0.0]
[-18.0, 0.0, 1.0, 0.0, 0.0]
[-15.0, 0.0, 0.0, 1.0, 0.0]
[-10.0, 0.0, 0.0, 0.0, 1.0]

A AF
[1.0, 21.0, 47.0, 3.0, 18.0]
[0.0, -499.0, -1103.0, -60.0, -386.0]
[0.0, -335.0, -841.0, -49.0, -319.0]
[0.0, -271.0, -673.0, -17.0, -250.0]
[0.0, -165.0, -452.0, -29.0, -134.0]

A INV
[1.0, 0.0, 0.0, 0.0, 0.0]
[-24.0, 1.0, 0.0, 0.0, 0.0]
[-1.8877755511022052, -0.6713426853707415, 1.0, 0.0, 0.0]
[-1.9659318637274552, -0.5430861723446894, 0.0, 1.0, 0.0]
[-2.064128256513026, -0.3306613226452906, 0.0, 0.0, 1.0]

A
[1.0, 21.0, 47.0, 3.0, 18.0]
[0.0, -499.0, -1103.0, -60.0, -386.0]
[0.0, 0.0, -100.50901803607212, -8.719438877755508, -59.86172344689379]
[0.0, 0.0, -73.97595190380764, 15.585170340681358, -40.36873747494991]
[0.0, 0.0, -87.28056112224448, -9.160320641282567, -6.364729458917836]

A INV AF
[1.0, 0.0, 0.0, 0.0, 0.0]
[0.04809619238476953, 1.0, -0.0, -0.0, -0.0]
[-1.8877755511022052, -0.6713426853707415, 1.0, 0.0, 0.0]
[-1.9659318637274552, -0.5430861723446894, 0.0, 1.0, 0.0]
[-2.064128256513026, -0.3306613226452906, 0.0, 0.0, 1.0]

A AF
[1.0, 21.0, 47.0, 3.0, 18.0]
[0.0, 1.0, 2.2104208416833666, 0.12024048096192384, 0.7735470941883766]
[0.0, 0.0, -100.50901803607212, -8.719438877755508, -59.86172344689379]
[0.0, 0.0, -73.97595190380764, 15.585170340681358, -40.36873747494991]
[0.0, 0.0, -87.28056112224448, -9.160320641282567, -6.364729458917836]

A INV
[1.0, 0.0, 0.0, 0.0, 0.0]
[0.04809619238476953, 1.0, -0.0, -0.0, -0.0]
[-1.8877755511022052, -0.6713426853707415, 1.0, 0.0, 0.0]
[-0.5765043665510219, -0.04896917494118086, -0.7360130797144798, 1.0, 0.0]
[-0.4248115803325747, 0.25232284563544294, -0.868385373051003, 0.0, 1.0]

A
[1.0, 21.0, 47.0, 3.0, 18.0]
[0.0, 1.0, 2.2104208416833666, 0.12024048096192384, 0.7735470941883766]
[0.0, 0.0, -100.50901803607212, -8.719438877755508, -59.86172344689379]
[0.0, 0.0, 0.0, 22.00279140248036, 3.690273956214874]
[0.0, 0.0, 0.0, -1.588487458627431, 45.618315587989]

A INV AF
[1.0, 0.0, 0.0, 0.0, 0.0]
[0.04809619238476953, 1.0, -0.0, -0.0, -0.0]
[0.01878215097499702, 0.006679427363719745, 1.0, -0.0, -0.0]
[-0.5765043665510219, -0.04896917494118086, -0.7360130797144798, 1.0, 0.0]
[-0.4248115803325747, 0.25232284563544294, -0.868385373051003, 0.0, 1.0]

A AF
[1.0, 21.0, 47.0, 3.0, 18.0]
[0.0, 1.0, 2.2104208416833666, 0.12024048096192384, 0.7735470941883766]
[0.0, 0.0, 1.0, 0.08675280137177492, 0.5955855963632015]
[0.0, 0.0, 0.0, 22.00279140248036, 3.690273956214874]
[0.0, 0.0, 0.0, -1.588487458627431, 45.618315587989]

A INV
[1.0, 0.0, 0.0, 0.0, 0.0]
[0.04809619238476953, 1.0, -0.0, -0.0, -0.0]
[0.01878215097499702, 0.006679427363719745, 1.0, -0.0, -0.0]
[-0.5765043665510219, -0.04896917494118086, -0.7360130797144798, 1.0, 0.0]
[-0.46643220652307776, 0.24878752510131155, -0.9215217013070809, 0.0721948151746038, 1.0]

A
[1.0, 21.0, 47.0, 3.0, 18.0]
[0.0, 1.0, 2.2104208416833666, 0.12024048096192384, 0.7735470941883766]
[0.0, 0.0, 1.0, 0.08675280137177492, 0.5955855963632015]
[0.0, 0.0, 0.0, 22.00279140248036, 3.690273956214874]
[0.0, 0.0, 0.0, 0.0, 45.88473423420159]

A INV AF
[1.0, 0.0, 0.0, 0.0, 0.0]
[0.04809619238476953, 1.0, -0.0, -0.0, -0.0]
[0.01878215097499702, 0.006679427363719745, 1.0, -0.0, -0.0]
[-0.026201419447444883, -0.0022255892011802014, -0.03345089567278767, 1.0, 0.0]
[-0.46643220652307776, 0.24878752510131155, -0.9215217013070809, 0.0721948151746038, 1.0]

A AF
[1.0, 21.0, 47.0, 3.0, 18.0]
[0.0, 1.0, 2.2104208416833666, 0.12024048096192384, 0.7735470941883766]
[0.0, 0.0, 1.0, 0.08675280137177492, 0.5955855963632015]
[0.0, 0.0, 0.0, 1.0, 0.16771844484236087]
[0.0, 0.0, 0.0, 0.0, 45.88473423420159]

A INV
[1.0, 0.0, 0.0, 0.0, 0.0]
[0.04809619238476953, 1.0, -0.0, -0.0, -0.0]
[0.01878215097499702, 0.006679427363719745, 1.0, -0.0, -0.0]
[-0.026201419447444883, -0.0022255892011802014, -0.03345089567278767, 1.0, 0.0]
[-0.46643220652307776, 0.24878752510131155, -0.9215217013070809, 0.0721948151746038, 1.0]

A
[1.0, 21.0, 47.0, 3.0, 18.0]
[0.0, 1.0, 2.2104208416833666, 0.12024048096192384, 0.7735470941883766]
[0.0, 0.0, 1.0, 0.08675280137177492, 0.5955855963632015]
[0.0, 0.0, 0.0, 1.0, 0.16771844484236087]
[0.0, 0.0, 0.0, 0.0, 45.88473423420159]

A INV AF
[1.0, 0.0, 0.0, 0.0, 0.0]
[0.04809619238476953, 1.0, -0.0, -0.0, -0.0]
[0.01878215097499702, 0.006679427363719745, 1.0, -0.0, -0.0]
[-0.026201419447444883, -0.0022255892011802014, -0.03345089567278767, 1.0, 0.0]
[-0.010165302563208665, 0.005422010811514523, -0.020083405007938274, 0.0015733950818176733, 1.0]

A AF
[1.0, 21.0, 47.0, 3.0, 18.0]
[0.0, 1.0, 2.2104208416833666, 0.12024048096192384, 0.7735470941883766]
[0.0, 0.0, 1.0, 0.08675280137177492, 0.5955855963632015]
[0.0, 0.0, 0.0, 1.0, 0.16771844484236087]
[0.0, 0.0, 0.0, 0.0, 1.0]

Halfway acopy
[1.0, 21.0, 47.0, 3.0, 18.0]
[0.0, 1.0, 2.2104208416833666, 0.12024048096192384, 0.7735470941883766]
[0.0, 0.0, 1.0, 0.08675280137177492, 0.5955855963632015]
[0.0, 0.0, 0.0, 1.0, 0.16771844484236087]
[0.0, 0.0, 0.0, 0.0, 1.0]

[1.0, 0.0, 0.0, 0.0, 0.0]
[0.0, 1.0, 0.0, 0.0, 0.0]
[0.0, 0.0, 1.0, 0.0, 0.0]
[0.0, 0.0, 0.0, 1.0, 0.0]
[0.0, 0.0, 0.0, 0.0, 1.0]

[0.0037908099657927297, -21.010192607920928, -0.5400861797730627, -0.42663792149655744, -1.338177191697902]
[-0.0006914770111295931, 0.987955311468861, -2.223476575350833, 0.07235511738753408, 0.5309525449286293]
[0.02696159969226083, 0.003722122419889495, 1.014571131211417, -0.08766699985075832, -0.5810355514314092]
[-0.02449651071019146, -0.003134960422405884, -0.03008253821771698, 0.999736112623755, -0.16771844484236087]
[-0.010165302563208665, 0.005422010811514523, -0.020083405007938274, 0.0015733950818176733, 1.0]

Inverse 0ms

[1.0, 1.6792123247455493e-15, 1.1657341758564144e-15, -9.020562075079397e-17, 0.0]
[2.220446049250313e-15, -498.9999999999999, -7.771561172376096e-15, 4.801714581503802e-15, -6.394884621840902e-14]
[1.5265566588595902e-16, -335.6713426853707, -100.50901803607213, 2.491062911502695e-15, -2.4868995751603507e-14]
[1.27675647831893e-15, -271.54308617234466, -74.7119649835221, 22.002791402480362, -3.552713678800501e-14]
[5.551115123125783e-16, -165.33066132264528, -88.14894649529548, -1.5162926434528223, 45.884734234201574]
